M=[
1 4 7 9 3 6 5 8 2
2 5 8 7 1 4 6 9 3
3 6 9 8 2 5 4 7 1
8 2 5 4 7 1 3 6 9
9 3 6 5 8 2 1 4 7
7 1 4 6 9 3 2 5 8
6 9 3 2 5 8 7 1 4
4 7 1 3 6 9 8 2 5
5 8 2 1 4 7 9 3 6]

Q=[
    1 2 3 4 5 6 7 8 9
    10 11 12 13 14 15 16 17 18
    19 20 21 22 23 24 25 26 27
    28 29 30 31 32 33 34 35 36
    37 38 39 40 41 42 43 44 45
    46 47 48 49 50 51 52 53 54
    55 56 57 58 59 60 61 62 63
    64 65 66 67 68 69 70 71 72
    73 74 75 76 77 78 79 80 81]





M1=[
 5 7 2 1 4 8 9 3 6
 3 6 1 7 2 9 4 8 5
 8 9 4 6 5 3 2 1 7
 6 1 3 2 9 7 8 5 4
 9 4 8 5 3 6 1 7 2
 7 2 5 4 8 1 3 6 9
 4 8 9 3 6 5 7 2 1
 2 5 7 8 1 4 6 9 3
 1 3 6 9 7 2 5 4 8 ]

M2=[
 3 1 2 5 8 9 4 7 6
 9 5 8 6 4 7 2 3 1
 7 6 4 1 2 3 8 9 5
 8 9 7 2 6 4 1 5 3
 4 2 6 3 1 5 7 8 9
 5 3 1 9 7 8 6 4 2
 6 4 5 7 3 1 9 2 8
 1 7 3 8 9 2 5 6 4
 2 8 9 4 5 6 3 1 7]

M3=[ 
 2 1 8 3 4 7 9 5 6
 7 6 4 1 9 5 8 2 3
 5 3 9 6 8 2 4 7 1
 4 7 3 5 6 9 1 8 2
 9 5 1 2 3 8 6 4 7
 8 2 6 7 1 4 3 9 5
 6 9 5 8 2 1 7 3 4
 3 8 2 4 7 6 5 1 9
 1 4 7 9 5 3 2 6 8]

M4=[ 
 5 3 4 1 6 9 7 2 8
 9 1 6 2 8 7 3 4 5
 8 7 2 4 5 3 6 9 1
 6 9 1 8 7 2 4 5 3
 7 2 8 5 3 4 1 6 9
 3 4 5 9 1 6 2 8 7
 2 8 7 3 4 5 9 1 6
 4 5 3 6 9 1 8 7 2
 1 6 9 7 2 8 5 3 4] 

M5=[ 
 3 6 9 1 4 5 7 2 8
 5 1 4 8 7 2 9 3 6
 2 8 7 6 9 3 4 5 1
 4 5 1 2 8 7 6 9 3
 7 2 8 3 6 9 1 4 5
 9 3 6 5 1 4 8 7 2
 8 7 2 9 3 6 5 1 4
 6 9 3 4 5 1 2 8 7
 1 4 5 7 2 8 3 6 9] 
